              precision    recall  f1-score   support

           0     0.9009    0.9000    0.9005      1000
           1     0.9651    0.9400    0.9524      1000
           2     0.8516    0.8320    0.8417      1000
           3     0.8321    0.6990    0.7598      1000
           4     0.8734    0.8900    0.8816      1000
           5     0.8078    0.8490    0.8279      1000
           6     0.8833    0.9460    0.9136      1000
           7     0.9160    0.9270    0.9215      1000
           8     0.9293    0.9460    0.9376      1000
           9     0.9153    0.9510    0.9328      1000

    accuracy                         0.8880     10000
   macro avg     0.8875    0.8880    0.8869     10000
weighted avg     0.8875    0.8880    0.8869     10000
