              precision    recall  f1-score   support

           0     0.6827    0.8670    0.7639      1000
           1     0.8863    0.9200    0.9028      1000
           2     0.7989    0.5640    0.6612      1000
           3     0.4799    0.7530    0.5862      1000
           4     0.8551    0.5960    0.7024      1000
           5     0.8783    0.4330    0.5800      1000
           6     0.6371    0.9250    0.7545      1000
           7     0.8889    0.6800    0.7705      1000
           8     0.9387    0.7510    0.8344      1000
           9     0.7678    0.9290    0.8407      1000

    accuracy                         0.7418     10000
   macro avg     0.7814    0.7418    0.7397     10000
weighted avg     0.7814    0.7418    0.7397     10000
