              precision    recall  f1-score   support

           0     0.2915    0.5320    0.3766      1000
           1     0.5493    0.2060    0.2996      1000
           2     0.1887    0.5600    0.2823      1000
           3     0.3333    0.0040    0.0079      1000
           4     0.5770    0.1760    0.2697      1000
           5     0.4019    0.3400    0.3684      1000
           6     0.6378    0.0810    0.1437      1000
           7     0.3599    0.3480    0.3538      1000
           8     1.0000    0.0050    0.0100      1000
           9     0.2972    0.7640    0.4279      1000

    accuracy                         0.3016     10000
   macro avg     0.4637    0.3016    0.2540     10000
weighted avg     0.4637    0.3016    0.2540     10000
