              precision    recall  f1-score   support

           0     0.8900    0.8980    0.8940      1000
           1     0.9619    0.9340    0.9477      1000
           2     0.8475    0.8390    0.8432      1000
           3     0.8498    0.6960    0.7653      1000
           4     0.8618    0.8980    0.8795      1000
           5     0.8316    0.8150    0.8232      1000
           6     0.8879    0.9430    0.9146      1000
           7     0.8822    0.9290    0.9050      1000
           8     0.9334    0.9390    0.9362      1000
           9     0.9026    0.9640    0.9323      1000

    accuracy                         0.8855     10000
   macro avg     0.8849    0.8855    0.8841     10000
weighted avg     0.8849    0.8855    0.8841     10000
