              precision    recall  f1-score   support

           0     0.8167    0.9090    0.8604      1000
           1     0.8556    0.9780    0.9127      1000
           2     0.8611    0.8000    0.8294      1000
           3     0.7655    0.7410    0.7530      1000
           4     0.9181    0.7960    0.8527      1000
           5     0.7928    0.8150    0.8037      1000
           6     0.9068    0.9050    0.9059      1000
           7     0.9122    0.8940    0.9030      1000
           8     0.8897    0.9440    0.9161      1000
           9     0.9419    0.8600    0.8991      1000

    accuracy                         0.8642     10000
   macro avg     0.8661    0.8642    0.8636     10000
weighted avg     0.8661    0.8642    0.8636     10000
